time,x,y,z,phi,theta,psi,x_velocity,y_velocity,z_velocity,phi_velocity,theta_velocity,psi_velocity,rotor_speed1,rotor_speed2,rotor_speed3,rotor_speed4
0.06,8.21617415402e-08,9.99999997444,20.0054736716,6.2828209251,6.28306014949,0.0,9.46894368337e-06,-1.68855393281e-05,0.18244344926,-0.022401374739,-0.00662384367491,0.0,462.30546993980107,461.78339697279534,463.47498447010025,461.71139609750145
0.12000000000000001,4.8487236334e-06,9.999983992,20.0230303976,6.28135051081,6.28210929968,0.0,0.000211482674333,-0.000684008734015,0.402728350529,-0.0290902598579,-0.0498966186524,0.0,475.1286873332749,471.799890423256,473.96557674026155,473.45125761635995
0.18,4.77854808425e-05,9.99990167617,20.048625788,6.27943820671,6.27981726818,0.0,0.00146251826087,-0.0022315695808,0.45043245275,-0.0381117213812,-0.0215225493115,0.0,418.2341033242512,420.696718009264,421.24742305679194,420.4662551020332
0.23999999999999996,0.000226629041898,9.99966321575,20.0832164306,6.27758540081,6.27828534035,0.0,0.00467236562233,-0.00597067979545,0.70246626159,-0.0193519283252,-0.0350823073809,0.0,483.9625915070883,482.9409709271518,481.8165577891755,483.2322455878148
0.3,0.000611634187333,9.99918985007,20.1274943297,6.276327281,6.27619636383,0.0,0.00836577621358,-0.00992588163478,0.773416077901,-0.0244154655241,-0.0342895646963,0.0,428.2530329920994,428.31988229335843,428.15288227867086,427.72191017355294
0.36000000000000004,0.00128667385821,9.99842673843,20.1797338436,6.27454611651,6.2741915056,0.0,0.0143699657234,-0.0156949621648,0.967753316833,-0.0431498974719,-0.0317191865449,0.0,466.53907346545026,466.73930824580435,467.12609428021125,465.6627857963022
0.4200000000000001,0.00233675978328,9.99730111786,20.2403327117,6.2714725133,6.27293804554,0.0,0.0207836683563,-0.0220978675085,1.05213054655,-0.076817296816,-0.00512873523178,0.0,432.2295113972826,434.46429887751503,433.857139311975,431.01932750530875
0.48000000000000015,0.003772901113,9.99574465196,20.3041495757,6.26650296225,6.27253805328,0.0,0.0271193451878,-0.0302142686756,1.0750705481,-0.0988951201546,-0.00993470960868,0.0,412.9008315991065,412.4767727603173,414.0749857775668,412.1219647477055
0.5400000000000001,0.00563205460606,9.99354912732,20.3725492406,6.26105491161,6.27174028812,0.0,0.0349240831818,-0.043569295665,1.20477789282,-0.078193608363,-0.0210477987823,0.0,448.29219507244625,447.38848079195736,446.2122747520012,447.8917774494933
0.6000000000000002,0.0079967884543,9.99040459246,20.4502307942,6.25606622028,6.27048230754,0.0,0.0440414324679,-0.0617917730683,1.38439152226,-0.0955502200756,-0.0208039421994,0.0,462.527742807475,462.5469721431601,464.1312806957065,462.7617283727766
0.6600000000000003,0.010875926362,9.98618153138,20.5339355153,6.25063961276,6.26936821827,0.0,0.0520358778411,-0.0794789657858,1.40572279157,-0.0818098735426,-0.0144349473577,0.0,413.1603805231548,413.72150058488114,412.44276416635546,413.646777231144
0.7200000000000003,0.0142926422824,9.98070778589,20.6216848826,6.24535474818,6.26849519963,0.0,0.0619429832479,-0.103499685254,1.51909130618,-0.105153541908,-0.0147820325659,0.0,442.97302954427767,442.94459662736006,444.471491949358,442.5476165667751
0.7800000000000004,0.0183362532683,9.97363780549,20.7172174091,6.23927760577,6.26809770104,0.0,0.0729068846368,-0.132831389508,1.66509467123,-0.0945013778781,0.0060670876061,0.0,452.9101039715052,454.58380640028275,453.2824178484001,454.128857202775
0.8400000000000004,0.0230593288473,9.96462388307,20.8226704039,6.23367583697,6.26861896367,0.0,0.0844732493699,-0.168265634038,1.84969269424,-0.0911792868885,0.0134721015468,0.0,465.98493953570596,466.56327684000513,465.41008765106926,465.66306405127216
0.9000000000000005,0.0284062378276,9.95355188753,20.9352911065,6.22785019447,6.26916514594,0.0,0.0936890798811,-0.201331198886,1.90421097414,-0.112811962923,-0.0015043493282,0.0,426.85086358311713,425.5708576551606,426.6148984875183,424.7550349974278
0.9600000000000005,0.0342976562077,9.94038344283,21.0511013774,6.2214351058,6.26885912971,0.0,0.102707701466,-0.238235912455,1.95600273545,-0.0971767439013,-0.0134894612715,0.0,425.41839666423147,424.39106055115184,425.10055797469056,426.4274213072124
1.0200000000000005,0.0407379515197,9.92488191281,21.1699846046,6.21553225819,6.26823609378,0.0,0.112034587077,-0.279032443309,2.00664101326,-0.100902620076,-0.00480185583489,0.0,424.4730098737881,425.2179696177517,425.80506923109755,425.47743456923655
1.0800000000000005,0.0477621865625,9.90675354491,21.2928409377,6.20958885403,6.26804854532,0.0,0.122127460927,-0.32583291114,2.08837395273,-0.0956019152749,3.17892742356e-05,0.0,434.67173191403737,435.07665773380427,436.13932853889713,436.57314842320517
1.1400000000000006,0.055443089919,9.88546053496,21.423778259,6.20422354875,6.26803340392,0.0,0.133897522623,-0.384544319017,2.27578934976,-0.079287214447,-0.000826846107434,0.0,469.18140247124353,469.1147435136293,467.55369811561627,468.81661136212307
1.2000000000000006,0.0638353113671,9.86049671465,21.5662798833,6.19919632962,6.26829105313,0.0,0.145822412355,-0.448119791815,2.47379710561,-0.0947799606589,0.012954105266,0.0,471.70005432603585,472.7629789462212,473.6965210187261,472.49829758507383
1.2600000000000007,0.0729164748812,9.83169341777,21.7195042645,6.19392105907,6.26919757712,0.0,0.156783118077,-0.512566391817,2.63326054589,-0.0768815355053,0.0191027804708,0.0,462.31247815920017,462.79657070986804,460.97236369192245,462.37826297401654
1.3200000000000007,0.0825988368427,9.799133915,21.8797861722,6.18926324976,6.27014416509,0.0,0.165854641149,-0.573193815447,2.70923490443,-0.0791701254882,0.00811877074031,0.0,437.41380105388816,436.4980427950339,437.18384091973024,436.98820662675143
1.3800000000000008,0.0928862158593,9.76227657982,22.0505681877,6.18446033504,6.27025818813,0.0,0.177004173996,-0.655932507816,2.98274027312,-0.0818648985772,-0.0149859984572,0.0,498.01275738658734,496.31992947567227,496.45205216311274,496.24986804309845
1.4400000000000008,0.103787286709,9.72077225274,22.233314167,6.17982669976,6.2697972171,0.0,0.186428933865,-0.728018864538,3.10837973707,-0.0692773691312,0.00393902225038,0.0,453.431531478948,454.94945526865234,454.8170851940224,455.81948215462984
1.5000000000000009,0.115269629094,9.67476685411,22.4243329364,6.17531368492,6.27011029248,0.0,0.196278971941,-0.805925392176,3.25841553105,-0.0910309963519,0.00766043976683,0.0,463.32316739366536,463.61556781259407,463.52398169631306,461.80682553795066
1.560000000000001,0.127306224827,9.62422090256,22.6221384167,6.16971286011,6.27057993287,0.0,0.204890974907,-0.879464764087,3.33478691812,-0.0984320542523,0.00815907590231,0.0,441.1464718927009,441.18752983773436,441.6801943346829,441.0618902698511
1.620000000000001,0.139841374128,9.56922144972,22.823871803,6.16398202603,6.27146895847,0.0,0.212875684786,-0.954391194571,3.38939768356,-0.0902408832977,0.0255983433769,0.0,433.78781217614244,435.249768057712,435.10164632082086,435.7788938353725
1.680000000000001,0.152862080771,9.50932546246,23.0312679049,6.15844992358,6.27334657439,0.0,0.220955814767,-1.04268429621,3.52328541931,-0.0964406587819,0.0407653296143,0.0,458.8719008224028,460.0746711628216,461.64331375530963,461.1469883043909
1.740000000000001,0.166345127321,9.44371109366,23.2490295739,6.15239720572,6.27532715978,0.0,0.22819700814,-1.14508101899,3.73462146251,-0.1116822733,0.00919812821758,0.0,486.1142557063462,483.743201244064,484.8006987527716,483.6460618090856
1.8000000000000012,0.180186551408,9.37242074906,23.4747850474,6.14578638802,6.27599461466,0.0,0.233122446036,-1.23188075091,3.79023516387,-0.107336314546,0.0147221732415,0.0,438.7866021685162,439.2448640413455,438.33924589131175,438.689361052839
1.8600000000000012,0.194307155081,9.29583397318,23.7035620151,6.13917680405,6.27649574352,0.0,0.237492153482,-1.32161013343,3.83536410484,-0.116501052646,-0.00912907906542,0.0,437.0553264690412,435.062668171864,436.51860521377773,435.7420462415652
1.9200000000000013,0.208687183927,9.2136675707,23.935471411,6.13194903419,6.2768093208,0.0,0.241842196432,-1.41792836518,3.89457348853,-0.129866151365,0.0245087469834,0.0,439.7057655835143,442.48386745645837,442.05649733902175,440.94036647613933
1.9800000000000013,0.223311684466,9.12567450948,24.1702660314,6.12430236925,6.27840559406,0.0,0.245494953811,-1.51587668478,3.9315957391,-0.12299874431,0.0304967868353,0.0,434.21961007403945,434.7218712734781,435.19616512983987,435.755433087763
2.0400000000000014,0.238127813374,9.03151272138,24.4081598763,6.1171262159,6.28007964931,0.0,0.248200959055,-1.62352602563,3.99776165822,-0.11355890806,0.0221261492913,0.0,445.9634170257341,445.27930889085974,444.08609530116587,444.84686545133263
2.1000000000000014,0.253078607637,8.93050940556,24.6514152095,6.11074267716,6.28148196329,0.0,0.250012855844,-1.7438749829,4.11012462707,-0.094954254903,0.0257534825603,0.0,460.1908168233234,460.4779064531193,459.8052424430584,461.2672167154056
2.1600000000000015,0.268105578442,8.82233591966,24.9003269254,6.10578674783,6.28316494323,0.0,0.250723084982,-1.86239105287,4.18645380574,-0.0652526552135,0.0322857689534,0.0,450.67466784057035,451.2025880848692,448.8606619827471,451.25895849480764
2.2200000000000015,0.283137076616,8.70587695859,25.1597662339,6.10174260563,0.00222283306975,0.0,0.250053214342,-2.0199073946,4.46024070911,-0.0720889884382,0.0460153963991,0.0,509.7567092624609,510.7373924706015,509.7611899980431,509.2696208451109
2.2800000000000016,0.298077798703,8.58066701739,25.4311968125,6.098169648,0.00492821779186,0.0,0.247676972127,-2.15409361783,4.58672754495,-0.0420157274483,0.0431716286881,0.0,470.4063321840306,470.1870941976339,467.8089165146946,470.14243816623
2.3400000000000016,0.312839006205,8.44807202436,25.7062303625,6.09639516278,0.00762875042711,0.0,0.244129835539,-2.26595648867,4.58094031167,-0.0121364385599,0.0484501006854,0.0,428.30806843249877,428.758067615467,428.60982637728483,431.14161295953727
2.4000000000000017,0.327330242776,8.30854827707,25.9818600115,6.09566709312,0.0105037017239,0.0,0.23864412125,-2.38492294443,4.60648647348,-0.0121306061996,0.0468257373955,0.0,439.5032247760509,439.36997889939676,439.97335898730336,439.9739630085431
2.4600000000000017,0.341483762225,8.16262781036,26.2549794739,6.09549421147,0.0133243459663,0.0,0.23293057757,-2.47925929479,4.49785409669,0.0111148425096,0.047378072501,0.0,394.62070283394326,394.6733208936656,393.0214242993164,395.17044937407707
2.520000000000002,0.355148285195,8.00962464762,26.5290038643,6.09632935062,0.0160225856932,0.0,0.222258413859,-2.6207106195,4.63561141961,0.0190079665782,0.0396611313703,0.0,474.6633423432876,474.07170638377914,474.12401999919547,474.73000518078067
2.580000000000002,0.368130363871,7.84832302415,26.8103185535,6.09757419247,0.0179212610398,0.0,0.210253012645,-2.75586501512,4.74099834758,0.0240167984817,0.00639059324258,0.0,467.32018328853434,464.71950081110253,465.71689289330396,466.1085176076369
2.640000000000002,0.380380084838,7.67912789062,27.0968606922,6.09858214248,0.0181122946019,0.0,0.19804997919,-2.88386058254,4.8100153402,-0.00433308375661,-0.00415711560641,0.0,456.13854265842053,455.2952621822694,457.1140387797111,454.8488884273771
2.700000000000002,0.391889070385,7.50217687713,27.387929277,6.09849467529,0.0174083435106,0.0,0.185633498651,-3.01452207951,4.89177368018,0.00374891577765,-0.0346117144668,0.0,462.08915597645233,459.6818246966607,460.1410874200304,460.78057448811415
2.760000000000002,0.402603484974,7.31660012492,27.6880096992,6.09876438053,0.0155406349529,0.0,0.171774457669,-3.1712234077,5.10975921083,0.00594725024083,-0.0249422886436,0.0,501.91241031444423,502.61355029505575,501.6629887707495,501.8225242967268
2.820000000000002,0.412639051611,7.12291207741,27.994181964,6.09995833847,0.0138168597085,0.0,0.162885276906,-3.2850704768,5.09595183644,0.0388051288482,-0.0376480757308,0.0,434.02888040881226,432.96071869496774,432.5279602740755,435.2869320847273
2.880000000000002,0.422151560533,6.92208725724,28.3012054795,6.10286676236,0.0112931695,0.0,0.154429894233,-3.40890904767,5.13791347914,0.0629483090864,-0.0527981944631,0.0,451.5367928959878,450.3117256527444,451.4483791143404,453.3939243308207
2.940000000000002,0.4312572589,6.71467077454,28.6063247495,6.10680885349,0.00804974163747,0.0,0.149324825162,-3.50491213544,5.0332223768,0.070704106082,-0.0567009059358,0.0,403.1133315096755,402.7581627083777,403.3282785565115,404.03194308941266
3.000000000000002,0.440089421803,6.50114362853,28.9073200617,6.11060497034,0.00458710669372,0.0,0.145369160864,-3.61248194505,5.00011203794,0.0411062384416,-0.0598095918384,0.0,427.25947384336547,426.99185238427873,427.5903559095423,425.0638103892393
3.0600000000000023,0.44874585956,6.28128629065,29.2057950169,6.11328666963,0.00122445736824,0.0,0.143460724608,-3.71605797535,4.94925610101,0.0510469795363,-0.0494163034533,0.0,420.1194111267561,421.01741575367606,419.9310994282819,420.79394397457844
3.1200000000000023,0.457339269577,6.05464886841,29.504628778,6.11592466375,6.28129448616,0.0,0.143285059679,-3.83832445635,5.01154408624,0.0234763343942,-0.057469829443,0.0,457.3763957320183,456.7327536637432,457.42903156440804,455.22877206507104
3.1800000000000024,0.465994003718,5.82015426697,29.8103965799,6.11686696973,6.27739913358,0.0,0.145614427631,-3.97800621285,5.17981133526,-0.00819715496977,-0.0871678488657,0.0,490.464799496331,488.250806673797,490.3250084419745,487.9658643649136
3.2400000000000024,0.474842874629,5.57832114129,30.1199676317,6.11619675046,6.27272994222,0.0,0.149755043272,-4.08329195985,5.13929027336,-0.0179013518317,-0.0637165363349,0.0,424.1745072412338,426.17869867965226,427.9592141814541,427.1323611435286
3.3000000000000025,0.483998461162,5.33037477057,30.4256587118,6.11509828571,6.26867047274,0.0,0.155732016928,-4.18185648966,5.05070202735,-0.0191331168945,-0.0770080019423,0.0,410.87161168568304,409.6873328541584,409.5483879825309,409.43882144942916
3.3600000000000025,0.493659889934,5.07556397843,30.7313646243,6.11339180542,6.26431135256,0.0,0.16676406512,-4.31200538533,5.13887964494,-0.0633292079543,-0.0651217504607,0.0,467.1727762205329,468.0949634879571,467.382243954253,463.9237573362801
3.4200000000000026,0.504059456918,4.81297235688,31.0417647844,6.10946801,6.26042810402,0.0,0.180264056997,-4.44145829569,5.20717078855,-0.069887669247,-0.0639311207919,0.0,461.7933481198743,461.884370241164,462.25192198966465,461.7317168134349
3.4800000000000026,0.515351511363,4.54247539632,31.3564340192,6.10520642365,6.25651872484,0.0,0.196511562061,-4.57554835733,5.28111651646,-0.0734058690447,-0.0677254685731,0.0,465.07096597352984,464.7706936638793,465.1342286762589,464.8549413377355
3.5400000000000027,0.527743620412,4.26351337566,31.6772217052,6.10108634425,6.25385916357,0.0,0.216876536573,-4.72361115911,5.41079016073,-0.0605697091039,-0.0180788279957,0.0,480.99590710617304,484.74020806887256,482.9023909596434,483.8666576690021
3.6000000000000028,0.541240898729,3.97657241825,32.0002502883,6.09737900093,6.25279591089,0.0,0.233122437697,-4.84154427916,5.35682764186,-0.0643453894457,-0.0170144654891,0.0,428.1751006435815,428.26572006383674,427.2473648441029,426.9223420449363
3.660000000000003,0.555737390792,3.68242128551,32.3202518366,6.09352647649,6.25165949829,0.0,0.250183528458,-4.96396730648,5.30983151793,-0.0639369635152,-0.0230999994404,0.0,430.2579724535108,429.74236008835084,429.984040695153,430.01548074733773
3.720000000000003,0.571376485396,3.38024138722,32.6404680223,6.08989043385,6.2499831463,0.0,0.271249802987,-5.10911872689,5.36341624402,-0.0546497348789,-0.0399942817523,0.0,462.9298479104128,461.5980763874819,462.12494469252874,462.8540956609913
3.780000000000003,0.588303203041,3.06932458306,32.9634930387,6.08642111338,6.24749035695,0.0,0.293192277196,-5.25517944197,5.40352593311,-0.0650681561811,-0.0448461919093,0.0,459.26337403783265,458.87743409870006,460.30906545667756,459.48145777057533
3.840000000000003,0.606624134953,2.74938624538,33.2896714629,6.08290094404,6.24487493982,0.0,0.317746507993,-5.40985232492,5.46835361016,-0.0482375746736,-0.0411905463212,0.0,468.39786226296127,468.6811728242992,467.4122262666067,468.7200140456857
3.900000000000003,0.626343057782,2.4207160265,33.6165055525,6.07966211653,6.24264354305,0.0,0.339745892388,-5.54626942951,5.42600727654,-0.0690811399907,-0.0301975614453,0.0,435.04398745880263,435.9629903350642,437.0196525647038,435.276244986941
3.960000000000003,0.647429492951,2.08370386086,33.9410608788,6.075467187,6.24035964945,0.0,0.36329761976,-5.68799587559,5.39228324105,-0.0716377622559,-0.0624764344317,0.0,441.27692753045966,438.6026311435173,438.088015969094,437.8715279220443
4.020000000000002,0.669981145305,1.73804558167,34.2637150831,6.07211287254,6.23668846036,0.0,0.388736360214,-5.83444848762,5.36260801951,-0.0353961865908,-0.0587249940193,0.0,440.01263898601667,440.320454970112,439.89675560452116,442.8857586952963
4.080000000000001,0.693967109747,1.38419132877,34.5813576186,6.06946440408,6.23350616236,0.0,0.411052503472,-5.96120436755,5.22589394748,-0.0741153486202,-0.0435802148882,0.0,403.6362913885812,404.9988955313749,407.1377350294389,403.65587535748693
4.14,0.71955555562,1.02170052608,34.8950881729,6.06500266143,6.2314998924,0.0,0.442083061014,-6.12237377267,5.23128005551,-0.0748607837667,-0.0184284791148,0.0,450.34190888326725,452.371676225074,452.2788030179325,452.2145319987584
4.199999999999998,0.747222051253,0.648643735393,35.2125643591,6.06162233824,6.2305010524,0.0,0.480193516737,-6.31328631155,5.3500994111,-0.033537166651,-0.013304038516,0.0,487.97614121855963,488.35871152004813,485.5580441303206,488.6465263365005
4.259999999999997,0.776992947085,0.264857134784,35.5333991758,6.05955741376,6.22926170752,0.0,0.512240130609,-6.48001503909,5.34403025323,-0.0362320306766,-0.042422990425,0.0,452.6966502298828,450.34679711111465,451.7123901355829,451.4944946306138
4.319999999999996,0.808626077993,-0.128667610729,35.8522534746,6.05736358151,6.2266598552,0.0,0.542409756362,-6.63796549116,5.28436849911,-0.0372357915518,-0.0453158055706,0.0,435.00431046498295,434.76084608462423,435.02887416922493,434.94415452142783
4.379999999999995,0.842221729155,-0.532195905673,36.1693627688,6.05497202837,6.22400349423,0.0,0.577670207052,-6.81342584872,5.28547902171,-0.045701891695,-0.0422646256671,0.0,455.1872995797048,455.43040374789155,454.7321523867937,454.05250918561353
4.439999999999993,0.878039692396,-0.946582509431,36.4874624843,6.05163732697,6.22149524601,0.0,0.616469841383,-6.99992454514,5.31715146603,-0.0988856255729,-0.0408989526176,0.0,464.27398700102424,464.3802956038729,468.6508071246343,464.4946853892637
4.499999999999992,0.916048082405,-1.37160905367,36.8045173185,6.04548946623,6.21899087538,0.0,0.650671893827,-7.16837674594,5.25104293238,-0.110797723907,-0.0434754674156,0.0,436.66556374479063,436.44955173909483,435.4452913616349,434.43792044853205
4.559999999999991,0.956320788047,-1.80752618414,37.1201191094,6.03900992351,6.21622840987,0.0,0.691961579919,-7.3629435021,5.26813067555,-0.102905335079,-0.0517397589402,0.0,463.2616508507473,462.6100334173076,463.3544224398659,463.9648624159328
4.6199999999999894,0.999118200408,-2.25527314492,37.436591716,6.03330695718,6.21284248905,0.0,0.734877992763,-7.56267147009,5.28009306682,-0.0827374135065,-0.0680210488338,0.0,463.73577373202266,462.452655580488,463.20049586111935,464.77673961132507
4.679999999999988,1.04458520484,-2.71526897447,37.7540976727,6.02856353272,6.20837780087,0.0,0.781043387192,-7.77116985796,5.30252287808,-0.0725631583191,-0.0919577944197,0.0,469.18872601998066,467.3218837762045,468.49462558517723,469.280547278948
4.739999999999987,1.09246141807,-3.18643372112,38.0671348838,6.02377036842,6.20272690683,0.0,0.815242390763,-7.93514496965,5.13235093492,-0.101494834612,-0.0990440150904,0.0,406.08066995703484,405.43582624746944,408.40221670630984,405.8064104524938
4.799999999999986,1.14293420229,-3.66905731984,38.3754430579,6.01760463221,6.19678736382,0.0,0.86768604639,-8.15306679773,5.14356875895,-0.105423624661,-0.0988894007459,0.0,466.2302899752159,466.2344517670608,467.15600965747683,466.84085955591445
4.859999999999984,1.19671761338,-4.16510141583,38.6849108468,6.01155202106,6.19038142393,0.0,0.925609452822,-8.38249193679,5.17083539443,-0.0930631226701,-0.13119793536,0.0,474.5897597051175,472.0928780560252,473.7406217244179,474.68215950567657
4.919999999999983,1.25369093625,-4.67391434225,38.991672245,6.0056330588,6.18264349918,0.0,0.974097056593,-8.57881085044,5.05427921053,-0.113185387231,-0.1248415516,0.0,428.5526748898907,429.076890406924,431.3155063624705,429.6032164926443
4.979999999999982,1.31384797712,-5.19510948371,39.29285173,5.99836801413,6.174596307,0.0,1.0317354732,-8.79525993631,4.98432215466,-0.14563369261,-0.168598782744,0.0,446.8605470457381,443.2599451306809,448.31935643651525,445.6603277361367
5.0399999999999805,1.37723559704,-5.72855545567,39.586534451,5.99008375282,6.16508840611,0.0,1.08186784565,-8.98732453919,4.80495105205,-0.126130460761,-0.143478500567,0.0,409.17064219781855,411.37494138572777,409.20824492825335,410.9215526232697
